% $Header: svn://.../trunk/AMIGO2R2016/Postprocessor/Post_Plot/AMIGO_plot_colors.m 770 2013-08-06 09:41:45Z attila $
% AMIGO_plot_colors: defines colors for plots
%
%******************************************************************************
% AMIGO2: dynamic modeling, optimization and control of biological systems    % 
% Code development:     Eva Balsa-Canto                                       %
% Address:              Process Engineering Group, IIM-CSIC                   %
%                       C/Eduardo Cabello 6, 36208, Vigo-Spain                %
% e-mail:               ebalsa@iim.csic.es                                    %
% Copyright:            CSIC, Spanish National Research Council               %
%******************************************************************************
%
%*****************************************************************************%
%                                                                             %
% AMIGO_plot_colors: defines colors for plots                                 %
%                                                                             %
%*****************************************************************************%


% 200 different colors are defined (after 200 plots in same run, colors will be reused)

plot_colors=[   0   0   1
    1         0         1
    0         1         1
    0         1         0
    0         0         0
    1         0         0
    1         1         0
    0.8201    0.5829    0.2040
    0.9216    0.0815    0.8957
    0.7739    0.2649    0.9498
    0.9483    0.6070    0.5233
    0.1624    0.4126    0.5090
    0.9246    0.5470    0.8965
    0.4172    0.7655    0.4515
    0.3290    0.2133    0.3855
    0.5708    0.6107    0.5578
    0.0209    0.5531    0.2182
    0.4389    0.6474    0.0194
    0.3668    0.4362    0.3706
    0.9118    0.7794    0.0573
    0.2736    0.1144    0.7932
    0.3738    0.3235    0.8048
    0.9118    0.9673    0.5493
    0.0722    0.8621    0.4887
    0.1046    0.8711    0.6848
    0.6647    0.2722    0.9632
    0.6601    0.5371    0.6784
    0.8271    0.5227    0.6437
    0.1540    0.2187    0.4232
    0.7151    0.3686    0.6657
    0.1128    0.6503    0.9210
    0.8719    0.2787    0.5798
    0.5613    0.7680    0.1425
    0.6598    0.1440    0.2214
    0.4365    0.5769    0.6071
    0.5182    0.9396    0.1312
    0.6697    0.0752    0.7395
    0.3633    0.5506    0.5098
    0.7016    0.8637    0.3728
    0.2217    0.2551    0.0530
    0.9159    0.2810    0.9641
    0.7538    0.6779    0.0442
    0.0229    0.1644    0.9397
    0.3783    0.3335    0.1633
    0.7437    0.2350    0.9976
    0.5186    0.7757    0.1008
    0.5524    0.4321    0.8243
    0.2790    0.3806    0.6862
    0.6397    0.6432    0.9593
    0.6855    0.7146    0.4850
    0.6159    0.9175    0.7880
    0.4356    0.3088    0.7550
    0.8190    0.3748    0.7228
    0.5789    0.8992    0.2646
    0.3587    0.7129    0.6884
    0.1771    0.9446    0.9323
    0.8431    0.3558    0.0902
    0.9764    0.5988    0.5723
    0.6888    0.4771    0.5790
    0.5171    0.0220    0.8253
    0.9735    0.2003    0.3332
    0.0946    0.2860    0.0063
    0.2197    0.1951    0.6712
    0.0861    0.5419    0.2395
    0.0779    0.4686    0.8668
    0.5631    0.3469    0.8510
    0.0923    0.2054    0.9785
    0.3463    0.3763    0.8243
    0.5419    0.0560    0.0493
    0.3346    0.0011    0.8909
    0.6207    0.2083    0.3450
    0.4498    0.6750    0.0897
    0.7179    0.4319    0.9267
    0.5964    0.9824    0.8550
    0.6543    0.9949    0.8251
    0.9545    0.0754    0.2653
    0.3440    0.4944    0.7654
    0.9462    0.9815    0.1795
    0.7490    0.5707    0.5405
    0.9160    0.3517    0.8408
    0.2202    0.3547    0.1860
    0.6332    0.4342    0.9852
    0.8674    0.3968    0.8363
    0.9368    0.7514    0.5437
    0.4058    0.2786    0.8067
    0.0561    0.8410    0.3726
    0.7973    0.7784    0.4252
    0.9227    0.5672    0.7148
    0.5409    0.8776    0.1571
    0.8395    0.1184    0.5389
    0.2928    0.8570    0.5613
    0.9613    0.9145    0.5171
    0.3140    0.2330    0.9719
    0.1525    0.9549    0.2223
    0.1916    0.0606    0.2053
    0.1271    0.5687    0.1922
    0.9006    0.4307    0.3631
    0.1702    0.6459    0.4869
    0.3672    0.7969    0.5978
    0.7484    0.8297    0.9021
    0.3038    0.8005    0.0862
    0.4616    0.0496    0.8129
    0.0550    0.2167    0.4614
    0.1626    0.1672    0.0957
    0.6684    0.3326    0.1352
    0.3367    0.6964    0.2131
    0.8433    0.4265    0.2473
    0.7222    0.6017    0.2457
    0.9700    0.9589    0.4806
    0.5566    0.4445    0.0373
    0.4081    0.2572    0.7231
    0.3864    0.4095    0.8660
    0.1973    0.8302    0.1799
    0.4398    0.5130    0.9767
    0.2884    0.9270    0.3326
    0.7743    0.6555    0.0234
    0.3942    0.1702    0.5346
    0.9949    0.4204    0.3298
    0.4852    0.1114    0.2516
    0.4726    0.0751    0.0710
    0.2198    0.4605    0.0856
    0.5627    0.0654    0.5140
    0.4794    0.6218    0.5908
    0.6802    0.0011    0.7526
    0.5035    0.3010    0.5105
    0.6304    0.0406    0.5562
    0.9802    0.3505    0.2815
    0.7789    0.1858    0.7807
    0.0739    0.2776    0.4434
    0.7147    0.1429    0.8571
    0.0234    0.2617    0.6835
    0.2332    0.3636    0.5323
    0.7211    0.5188    0.0246
    0.8706    0.3859    0.7112
    0.2418    0.4289    0.9504
    0.1325    0.3648    0.2412
    0.8072    0.4128    0.1115
    0.6771    0.8087    0.0376
    0.7657    0.1499    0.1288
    0.3084    0.7016    0.9679
    0.5291    0.7728    0.5166
    0.5733    0.9311    0.5925
    0.7988    0.9209    0.7353
    0.8565    0.6602    0.5313
    0.7074    0.6877    0.9482
    0.0613    0.2081    0.3812
    0.2823    0.4146    0.5653
    0.3384    0.1044    0.1050
    0.2111    0.7867    0.6303
    0.7633    0.4835    0.3690
    0.7267    0.4349    0.7101
    0.4413    0.5841    0.7176
    0.1221    0.5940    0.0588
    0.7001    0.0938    0.8932
    0.9744    0.9881    0.9315
    0.3226    0.6460    0.8555
    0.7921    0.3624    0.1864
    0.0876    0.7522    0.3131
    0.6512    0.0150    0.4234
    0.9099    0.0507    0.4027
    0.0730    0.2618    0.1001
    0.4054    0.9919    0.2764
    0.8455    0.7243    0.3767
    0.4725    0.0022    0.9936
    0.9260    0.4521    0.4272
    0.6913    0.3649    0.2693
    0.1969    0.5424    0.0427
    0.5416    0.0444    0.0129
    0.1941    0.9524    0.0154
    0.2647    0.6462    0.0999
    0.9629    0.3997    0.6364
    0.2546    0.4929    0.0480
    0.0615    0.5845    0.9100
    0.3273    0.7192    0.3952
    0.7155    0.6867    0.2967
    0.0496    0.7980    0.5011
    0.5398    0.2984    0.4384
    0.5860    0.7855    0.0590
    0.1130    0.2973    0.8921
    0.9480    0.9387    0.9911
    0.7044    0.1207    0.1398
    0.4457    0.8581    0.7037
    0.6565    0.7140    0.6837
    0.3869    0.7752    0.9317
    0.1653    0.0864    0.2840
    0.5537    0.3840    0.4516
    0.8830    0.4819    0.8766
    0.3852    0.1900    0.1978
    0.7633    0.3800    0.5724
    0.2317    0.5073    0.4010
    0.8528    0.4131    0.4121
    0.4764    0.8425    0.1889
    0.6453    0.2341    0.6978
    0.2453    0.5524    0.7034
    0.7063    0.5578    0.8912
    0.6194    0.9593    0.1619
    0.9404    0.1899    0.2657
    0.1703    0.1351    0.4197
    0.6670    0.8114    0.9516
    0.5615    0.3158    0.7185];

   